 Downloading GMI files of the day ......
 GMI_L1C HDF5 Download successful
 ├──> Read GMI file: 1C.GPM.GMI.XCAL2016-C.20200102-S011608-E024842.******.HDF5
 ├────Cloud collocation beginning .......
 │  │  ├── Old H-8 file found, no download needed
 │  │  ├── GOES-R file aready exists, no downloading needed
 │  │  └── READ GOES CLOUDS DONE: STAMP_20200102_0140
 │  │  ├── GOES-R file aready exists, no downloading needed
 │  │  └── READ GOES CLOUDS DONE: STAMP_20200102_0150
 │  │  ├── GOES-R file aready exists, no downloading needed
 │  │  └── READ GOES CLOUDS DONE: STAMP_20200102_0200
 │  │  ├── OLD MSG1/2 Found, no download needed
 │  │  └── READ MSG CLOUD DONE: MSG1_20200102_0200
 │  │  ├── OLD MSG1/2 Found, no download needed
 │  │  └── READ MSG CLOUD DONE: MSG1_20200102_0215
 │  │  ├── OLD MSG1/2 Found, no download needed
 │  │  └── READ MSG CLOUD DONE: MSG1_20200102_0230
 │  │  ├── New H-8 file download failed: NC_H08_20200102_0240_L2CLP010_FLDK.02401_02401.nc
 │  │  ├── OLD MSG1/2 Found, no download needed
 │  │  └── READ MSG CLOUD DONE: MSG1_20200102_0245
 ├────ERA5 procedure beginning .........
      654602      190123       51029
 │  ├──New ERA5 file need for HR1: 01:00
 │  │  ├── Old ERA5-Plevels file found for HR1: 01:00. Extracting vars.....
 │  │  ├── Old ERA5-Land file found for HR1: 01:00. Extracting vars.....
 │  ├──New ERA5 file need for HR2: 02:00
 │  │  ├── Old ERA5-Plevels file found for HR2: 02:00. Extracting vars.....
 │  │  ├── Old ERA5-Land file found for HR2: 02:00. Extracting vars.....
 │  ├──New ERA5 file need for HR1: 02:00
 │  │  ├── Old ERA5-Plevels file found for HR1: 02:00. Extracting vars.....
 │  │  ├── Old ERA5-Land file found for HR1: 02:00. Extracting vars.....
 │  ├──New ERA5 file need for HR2: 03:00
 │  │  ├── Old ERA5-Plevels file found for HR2: 03:00. Extracting vars.....
 │  │  ├── Old ERA5-Land file found for HR2: 03:00. Extracting vars.....
 ├──RTTOV retrieve begining, total samples= 0051029
 ├──── Start RTTOV retrieve Channel 1-2 .......
  -999.900024      -999.900024    
   0.00000000       0.00000000    
 (/   9.69997501       1.06188273      0.409618855      0.174097151       6.85552210E-02   8.88476241E-03  -2.78132949E-02  -4.53510694E-02  -4.26108539E-02  -2.61215754E-02  -2.76487917E-02  -2.51980964E-02  -1.61948316E-02   8.63474421E-03   2.49303319E-03   1.11986129E-02   7.41162617E-03   5.14982175E-03   2.45501362E-02   2.83700321E-02   3.92710082E-02   5.01138568E-02  0.107088841      0.100456975      0.118547171      0.144162372      0.130702093      0.105246171       7.98874274E-02 /)
 (/   1.06188273       1.47379100      0.812250674      0.394982070      0.211665928      0.127838865       9.13718566E-02   7.35643208E-02   6.96875006E-02   6.96579888E-02   7.03774244E-02   6.58064261E-02   6.86929151E-02   7.39764795E-02   5.54191321E-02   4.47899513E-02   4.12805788E-02   3.40297036E-02   3.17294337E-02   2.92330757E-02   1.83074195E-02   1.55186374E-02   3.03882044E-02   2.66580451E-02   2.91927252E-02   3.36599872E-02   1.78863201E-02   1.91269591E-02   2.31658760E-02 /)
 (/  0.409618855      0.812250674       1.11617911      0.675803721      0.341781080      0.186129585      0.117249288       9.06797498E-02   8.20079744E-02   7.95532167E-02   7.75735676E-02   7.15421513E-02   7.28158727E-02   7.58946165E-02   5.75700328E-02   4.88301404E-02   4.19575870E-02   3.64593044E-02   3.16226184E-02   3.30184996E-02   2.48787012E-02   1.82592180E-02   2.82323342E-02   2.16992702E-02   2.65046470E-02   2.54206229E-02   1.53768435E-02   1.14704622E-02   1.26516288E-02 /)
 (/  0.174097151      0.394982070      0.675803721      0.959535122      0.568628430      0.282379299      0.153259307      0.108485878       9.26147476E-02   8.61303136E-02   8.26010928E-02   7.74837881E-02   7.73731545E-02   7.70609304E-02   6.09061159E-02   5.26640490E-02   4.61906530E-02   4.12034169E-02   3.66913788E-02   3.54958214E-02   2.55120136E-02   1.90115552E-02   2.54305564E-02   1.58545747E-02   1.85802374E-02   2.00621523E-02   1.07287532E-02   2.76555819E-03   1.64459751E-03 /)
 (/   6.85552210E-02  0.211665928      0.341781080      0.568628430      0.812957048      0.494835794      0.245371550      0.145605281      0.109592997       9.35356691E-02   8.83718729E-02   8.14356878E-02   7.95709193E-02   7.70259723E-02   6.47098124E-02   5.74070662E-02   5.26588336E-02   4.73134257E-02   4.23833728E-02   3.69166918E-02   2.46214997E-02   1.46459257E-02   1.96592286E-02   1.31775625E-02   1.88483559E-02   1.73293538E-02   1.19389575E-02   2.34892010E-03   8.19902925E-04 /)
 (/   8.88476241E-03  0.127838865      0.186129585      0.282379299      0.494835794      0.711149216      0.417884320      0.226387411      0.148527816      0.115779042      0.102436244       9.17016789E-02   8.79363194E-02   8.89787525E-02   7.55947977E-02   6.68265969E-02   5.90198524E-02   5.29730730E-02   4.72761691E-02   3.90459709E-02   2.22867727E-02   1.17143709E-02   1.39258262E-02   1.03371143E-02   2.00291164E-02   1.36048123E-02   9.15028434E-03  -1.68011419E-03  -2.57799664E-04 /)
 (/  -2.78132949E-02   9.13718566E-02  0.117249288      0.153259307      0.245371550      0.417884320      0.629249573      0.382368773      0.225068018      0.154718444      0.123704664      0.102491006       9.53407511E-02   9.52663049E-02   8.12073573E-02   7.26902038E-02   6.48870021E-02   5.75720556E-02   4.88995016E-02   4.02634479E-02   2.37385668E-02   1.37189692E-02   1.50084710E-02   1.00145359E-02   1.77307650E-02   1.03296647E-02   1.11361817E-02  -3.00694373E-03   1.74049474E-03 /)
 (/  -4.53510694E-02   7.35643208E-02   9.06797498E-02  0.108485878      0.145605281      0.226387411      0.382368773      0.614543796      0.410460055      0.247611612      0.173788339      0.120830469      0.107953049      0.105580062       9.41645503E-02   8.27038512E-02   7.56751895E-02   6.69221431E-02   5.95816001E-02   4.78495322E-02   3.10382210E-02   1.88443176E-02   1.97465364E-02   1.32968705E-02   1.95497479E-02   1.29204979E-02   1.25680957E-02  -9.41305654E-04   5.12505369E-03 /)
 (/  -4.26108539E-02   6.96875006E-02   8.20079744E-02   9.26147476E-02  0.109592997      0.148527816      0.225068018      0.410460055      0.629807234      0.419666141      0.260086060      0.145873085      0.120191723      0.115612060      0.104551673       9.27856788E-02   8.59029666E-02   7.68282786E-02   7.09968582E-02   5.50563633E-02   3.53485160E-02   2.04140414E-02   2.12238766E-02   1.82359572E-02   2.21165437E-02   1.82059370E-02   1.13922665E-02   2.10698484E-03   6.42194925E-03 /)
 (/  -2.61215754E-02   6.96579888E-02   7.95532167E-02   8.61303136E-02   9.35356691E-02  0.115779042      0.154718444      0.247611612      0.419666141      0.622414589      0.422831684      0.180508882      0.133526057      0.126950040      0.115609914      0.102724768       9.64435637E-02   8.54182541E-02   8.12304765E-02   6.20152466E-02   4.04078625E-02   2.40771789E-02   2.57072188E-02   2.50293389E-02   2.80334763E-02   2.57822964E-02   1.35728093E-02   5.63952699E-03   4.76139318E-03 /)
 (/  -2.76487917E-02   7.03774244E-02   7.75735676E-02   8.26010928E-02   8.83718729E-02  0.102436244      0.123704664      0.173788339      0.260086060      0.422831684      0.592847049      0.243542328      0.154603377      0.141900331      0.128723711      0.115184568      0.107600659       9.43833217E-02   9.03835818E-02   7.00369924E-02   4.34860438E-02   2.85033043E-02   2.67436840E-02   2.68095639E-02   3.01799998E-02   2.81585045E-02   1.74438562E-02   1.02525419E-02   8.31584167E-03 /)
 (/  -2.51980964E-02   6.58064261E-02   7.15421513E-02   7.74837881E-02   8.14356878E-02   9.17016789E-02  0.102491006      0.120830469      0.145873085      0.180508882      0.243542328      0.528013349      0.243497863      0.182609305      0.157756194      0.141839713      0.132277250      0.118195884      0.108922839       8.48401785E-02   5.20943403E-02   3.54857966E-02   2.93007363E-02   3.00474651E-02   3.34464312E-02   2.96306144E-02   2.04831548E-02   1.51489982E-02   1.29931336E-02 /)
 (/  -1.61948316E-02   6.86929151E-02   7.28158727E-02   7.73731545E-02   7.95709193E-02   8.79363194E-02   9.53407511E-02  0.107953049      0.120191723      0.133526057      0.154603377      0.243497863      0.538356960      0.304456830      0.212505326      0.175656393      0.166275650      0.149789065      0.141269818      0.109304972       6.68096468E-02   4.43648919E-02   3.75361294E-02   3.44885811E-02   4.10235152E-02   3.63588519E-02   2.44249981E-02   1.38488756E-02   1.16981771E-02 /)
 (/   8.63474421E-03   7.39764795E-02   7.58946165E-02   7.70609304E-02   7.70259723E-02   8.89787525E-02   9.52663049E-02  0.105580062      0.115612060      0.126950040      0.141900331      0.182609305      0.304456830      0.563420832      0.320859909      0.222902179      0.205602020      0.187223122      0.177845180      0.139530420       8.71966034E-02   5.77841997E-02   4.43557352E-02   3.69862355E-02   4.50172387E-02   4.26585153E-02   2.58752778E-02   1.86738353E-02   1.50324106E-02 /)
 (/   2.49303319E-03   5.54191321E-02   5.75700328E-02   6.09061159E-02   6.47098124E-02   7.55947977E-02   8.12073573E-02   9.41645503E-02  0.104551673      0.115609914      0.128723711      0.157756194      0.212505326      0.320859909      0.535067856      0.298108935      0.249107242      0.230787918      0.217806265      0.172050238      0.105653808       6.98188096E-02   4.61264066E-02   3.86381969E-02   4.34098057E-02   4.24456373E-02   3.15519311E-02   2.46784259E-02   2.07029544E-02 /)
 (/   1.11986129E-02   4.47899513E-02   4.88301404E-02   5.26640490E-02   5.74070662E-02   6.68265969E-02   7.26902038E-02   8.27038512E-02   9.27856788E-02  0.102724768      0.115184568      0.141839713      0.175656393      0.222902179      0.298108935      0.512680709      0.323541731      0.286791831      0.258769661      0.209725350      0.128698304       8.49350914E-02   5.49244694E-02   3.95102762E-02   4.54419143E-02   4.79389094E-02   3.70778106E-02   2.99828518E-02   2.70373821E-02 /)
 (/   7.41162617E-03   4.12805788E-02   4.19575870E-02   4.61906530E-02   5.26588336E-02   5.90198524E-02   6.48870021E-02   7.56751895E-02   8.59029666E-02   9.64435637E-02  0.107600659      0.132277250      0.166275650      0.205602020      0.249107242      0.323541731      0.560468078      0.366603404      0.316764146      0.255695522      0.161818758      0.105625585       5.94182350E-02   4.37996723E-02   4.90267053E-02   5.32087982E-02   4.36086021E-02   3.70668732E-02   2.88219098E-02 /)
 (/   5.14982175E-03   3.40297036E-02   3.64593044E-02   4.12034169E-02   4.73134257E-02   5.29730730E-02   5.75720556E-02   6.69221431E-02   7.68282786E-02   8.54182541E-02   9.43833217E-02  0.118195884      0.149789065      0.187223122      0.230787918      0.286791831      0.366603404      0.570268095      0.403077573      0.318518877      0.204907149      0.131682515       7.41756856E-02   4.58139926E-02   5.36192581E-02   6.01239689E-02   5.20436764E-02   4.94452976E-02   4.12326306E-02 /)
 (/   2.45501362E-02   3.17294337E-02   3.16226184E-02   3.66913788E-02   4.23833728E-02   4.72761691E-02   4.88995016E-02   5.95816001E-02   7.09968582E-02   8.12304765E-02   9.03835818E-02  0.108922839      0.141269818      0.177845180      0.217806265      0.258769661      0.316764146      0.403077573      0.667497277      0.418587357      0.263102829      0.170787916       9.03624743E-02   5.65460399E-02   6.35292605E-02   7.58273602E-02   7.01784715E-02   5.79069369E-02   4.97621894E-02 /)
 (/   2.83700321E-02   2.92330757E-02   3.30184996E-02   3.54958214E-02   3.69166918E-02   3.90459709E-02   4.02634479E-02   4.78495322E-02   5.50563633E-02   6.20152466E-02   7.00369924E-02   8.48401785E-02  0.109304972      0.139530420      0.172050238      0.209725350      0.255695522      0.318518877      0.418587357      0.666850448      0.357438684      0.234326899      0.128581822       6.75302967E-02   7.51187876E-02   8.96755010E-02   8.80818143E-02   6.96276948E-02   5.63731343E-02 /)
 (/   3.92710082E-02   1.83074195E-02   2.48787012E-02   2.55120136E-02   2.46214997E-02   2.22867727E-02   2.37385668E-02   3.10382210E-02   3.53485160E-02   4.04078625E-02   4.34860438E-02   5.20943403E-02   6.68096468E-02   8.71966034E-02  0.105653808      0.128698304      0.161818758      0.204907149      0.263102829      0.357438684      0.739322245      0.408542216      0.217559636      0.112321325      0.103566647      0.118382595      0.115994841       9.40659493E-02   8.25269595E-02 /)
 (/   5.01138568E-02   1.55186374E-02   1.82592180E-02   1.90115552E-02   1.46459257E-02   1.17143709E-02   1.37189692E-02   1.88443176E-02   2.04140414E-02   2.40771789E-02   2.85033043E-02   3.54857966E-02   4.43648919E-02   5.77841997E-02   6.98188096E-02   8.49350914E-02  0.105625585      0.131682515      0.170787916      0.234326899      0.408542216      0.840451181      0.346454799      0.163101345      0.131323293      0.132569298      0.138390839      0.123464964      0.112081468     /)
 (/  0.107088841       3.03882044E-02   2.82323342E-02   2.54305564E-02   1.96592286E-02   1.39258262E-02   1.50084710E-02   1.97465364E-02   2.12238766E-02   2.57072188E-02   2.67436840E-02   2.93007363E-02   3.75361294E-02   4.43557352E-02   4.61264066E-02   5.49244694E-02   5.94182350E-02   7.41756856E-02   9.03624743E-02  0.128581822      0.217559636      0.346454799      0.853161812      0.295257062      0.197243676      0.169427469      0.176014140      0.153336078      0.136484653     /)
 (/  0.100456975       2.66580451E-02   2.16992702E-02   1.58545747E-02   1.31775625E-02   1.03371143E-02   1.00145359E-02   1.32968705E-02   1.82359572E-02   2.50293389E-02   2.68095639E-02   3.00474651E-02   3.44885811E-02   3.69862355E-02   3.86381969E-02   3.95102762E-02   4.37996723E-02   4.58139926E-02   5.65460399E-02   6.75302967E-02  0.112321325      0.163101345      0.295257062      0.970320046      0.334437847      0.238041669      0.245253861      0.239946127      0.212519601     /)
 (/  0.118547171       2.91927252E-02   2.65046470E-02   1.85802374E-02   1.88483559E-02   2.00291164E-02   1.77307650E-02   1.95497479E-02   2.21165437E-02   2.80334763E-02   3.01799998E-02   3.34464312E-02   4.10235152E-02   4.50172387E-02   4.34098057E-02   4.54419143E-02   4.90267053E-02   5.36192581E-02   6.35292605E-02   7.51187876E-02  0.103566647      0.131323293      0.197243676      0.334437847      0.890429378      0.392451674      0.333345354      0.312197208      0.273458064     /)
 (/  0.144162372       3.36599872E-02   2.54206229E-02   2.00621523E-02   1.73293538E-02   1.36048123E-02   1.03296647E-02   1.29204979E-02   1.82059370E-02   2.57822964E-02   2.81585045E-02   2.96306144E-02   3.63588519E-02   4.26585153E-02   4.24456373E-02   4.79389094E-02   5.32087982E-02   6.01239689E-02   7.58273602E-02   8.96755010E-02  0.118382595      0.132569298      0.169427469      0.238041669      0.392451674       1.17382777      0.480109394      0.416648507      0.378189683     /)
 (/  0.130702093       1.78863201E-02   1.53768435E-02   1.07287532E-02   1.19389575E-02   9.15028434E-03   1.11361817E-02   1.25680957E-02   1.13922665E-02   1.35728093E-02   1.74438562E-02   2.04831548E-02   2.44249981E-02   2.58752778E-02   3.15519311E-02   3.70778106E-02   4.36086021E-02   5.20436764E-02   7.01784715E-02   8.80818143E-02  0.115994841      0.138390839      0.176014140      0.245253861      0.333345354      0.480109394       1.41659331      0.499717802      0.468229145     /)
 (/  0.105246171       1.91269591E-02   1.14704622E-02   2.76555819E-03   2.34892010E-03  -1.68011419E-03  -3.00694373E-03  -9.41305654E-04   2.10698484E-03   5.63952699E-03   1.02525419E-02   1.51489982E-02   1.38488756E-02   1.86738353E-02   2.46784259E-02   2.99828518E-02   3.70668732E-02   4.94452976E-02   5.79069369E-02   6.96276948E-02   9.40659493E-02  0.123464964      0.153336078      0.239946127      0.312197208      0.416648507      0.499717802       1.75652397      0.504000247     /)
 (/   7.98874274E-02   2.31658760E-02   1.26516288E-02   1.64459751E-03   8.19902925E-04  -2.57799664E-04   1.74049474E-03   5.12505369E-03   6.42194925E-03   4.76139318E-03   8.31584167E-03   1.29931336E-02   1.16981771E-02   1.50324106E-02   2.07029544E-02   2.70373821E-02   2.88219098E-02   4.12326306E-02   4.97621894E-02   5.63731343E-02   8.25269595E-02  0.112081468      0.136484653      0.212519601      0.273458064      0.378189683      0.468229145      0.504000247       1.65901506     /)
